4.248427458278828395e-01 2.609173465781423147e+03 1.648966425255972013e+02
9.618784468533220222e-01 7.658934544082427237e+03 1.058213522875256331e+03
1.090436774151724020e+00 6.911278850296528617e+03 1.074063204119766397e+03
2.340165018445052036e-01 1.140033980785912490e+03 4.021501341298927912e+01
1.544853424717808288e+00 8.974337155224251546e+03 1.925016049173939336e+03
7.002302688662590535e-01 4.661247094528376692e+03 4.767025083947041253e+02
8.136374882813741660e-01 4.793073535231198548e+03 5.654266038752858776e+02
1.354499392707753547e+00 9.425970656463277919e+03 1.791639019457962604e+03
8.448247630049244838e-01 5.131361149789239789e+03 6.272916068408056844e+02
1.354393146952156846e+00 1.062502334229034022e+04 2.019402461153794093e+03
1.217772117101841634e+00 7.179924140324536893e+03 1.236701519695459410e+03
1.531967738639329779e+00 1.079767959776348107e+04 2.298420637105885817e+03
4.562134377989693901e-01 2.506890009453951734e+03 1.697682620697765117e+02
3.901199802591033827e-01 2.410640476474178740e+03 1.402308109718158846e+02
1.706394986286521975e+00 1.392380626539926197e+04 3.270735738429306821e+03
1.794995296078976121e+00 1.290689365673716566e+04 3.174755637512381782e+03
1.379116511150732638e+00 1.260489281542947538e+04 2.436008990870293474e+03
7.193843792723543240e-01 5.142403301089134402e+03 5.396236413018858684e+02
3.820876856776996289e-01 2.105215624320303959e+03 1.200085044216667143e+02
7.245128946730150510e-01 4.793490450770023017e+03 5.064276275302686372e+02
1.857781179448650510e+00 1.620997175084152150e+04 4.113638940864293545e+03
9.084445461916944575e-01 7.154561819995659789e+03 9.367233462471807570e+02
1.642128686550747618e+00 1.248772566538846877e+04 2.832476710399685544e+03
1.608622285236567917e+00 1.127887401728041914e+04 2.510561050394260292e+03
4.644138074520031689e-01 2.421380976302782528e+03 1.668321458836107638e+02
1.814201781131074886e+00 1.680842730379883506e+04 4.174596030613026414e+03
1.474786440986917357e+00 8.978055509475219878e+03 1.845546877567256615e+03
1.482759167214684037e+00 1.337089335838029183e+04 2.762188680829560781e+03
8.151793865763445890e-01 4.564802326440621982e+03 5.394655011084897751e+02
1.027193988167302452e+00 6.153120552567284903e+03 9.042468523991541360e+02
8.861113445686050749e-01 5.125719578884736620e+03 6.555133333185797255e+02
1.149092034536747908e+00 6.216353866211479726e+03 1.014457653369076752e+03
2.082159521737683427e-01 9.771448016411517301e+02 3.072461890793244166e+01
1.834683429698775736e+00 1.453284954742705850e+04 3.646402585873744556e+03
3.664256870333901239e-01 2.157313683686905733e+03 1.180645910604888087e+02
1.374167906118380467e+00 1.258575830026007679e+04 2.424262645559160774e+03
1.751456652778554446e+00 1.360060795065145066e+04 3.271532854643011888e+03
1.273044471737051708e+00 8.915851521027117997e+03 1.600238413734407914e+03
1.525421505905566244e+00 8.954705672337389842e+03 1.898654046872630033e+03
4.507821876451942322e-01 2.567735075357551523e+03 1.718819801650097645e+02
9.715583959618607768e-01 6.456887479707195780e+03 9.005684385844715507e+02
7.345504246822067707e-01 4.354590587554952435e+03 4.661289392036232471e+02
1.488779612463954738e+00 1.104859382837840349e+04 2.290949227293489457e+03
1.731778704356468745e+00 1.679363619848235248e+04 3.998270238859135134e+03
1.100867143834139750e+00 6.553074221820974344e+03 1.027490717557305516e+03
6.195777360677812151e-01 3.711054509835757472e+03 3.375937246462353869e+02
8.464076097289927603e-01 5.412706538236328925e+03 6.628583652814107836e+02
1.105086950319888794e+00 6.735761122344604701e+03 1.059914297729815644e+03
1.498209928468047014e+00 1.235937212844519672e+04 2.577636013607807854e+03
1.380607932595383724e+00 8.740577822437766372e+03 1.690879375260537927e+03
1.275258437509973586e+00 8.745749492066752282e+03 1.572236159734066177e+03
1.462083821017438723e+00 1.404675424265794027e+04 2.864623617434856442e+03
8.182955028463668734e-01 5.048007255663618707e+03 5.987319328582904063e+02
1.196310167228644916e+00 8.186297948960932445e+03 1.386943838141469087e+03
8.064881333508345795e-01 6.250284939013254188e+03 7.311846599278210306e+02
1.185240947078896934e+00 7.427794541694637701e+03 1.247607498601154930e+03
1.757465139494203799e+00 1.838731040345638758e+04 4.436742036713962989e+03
1.534735989447971294e+00 9.909863008439460828e+03 2.112930583567058420e+03
7.091492196312462193e-01 4.330938777246728932e+03 4.483035166071330195e+02
6.474151326691992558e-01 4.346979861204504232e+03 4.124537295900021263e+02
9.657543631599332379e-01 6.732706868964214664e+03 9.337635362018907017e+02
1.102648798099056915e+00 6.263733925738232756e+03 9.836075266769606742e+02
9.593215467771247784e-01 6.770293501247580934e+03 9.330936950519734410e+02
1.014945696238004125e+00 5.841388427333967229e+03 8.488356291636866899e+02
1.499418757073726738e+00 1.294518357441463741e+04 2.701809922107407147e+03
1.248433562697760069e+00 1.084410709021633375e+04 1.911433047132265074e+03
1.950082232097685386e+00 7.869836462242493326e+03 2.086842109738021009e+03
1.716584319834017158e+00 1.452791036264111608e+04 3.431197909298668492e+03
2.546788897859801337e-01 1.332433785035615529e+03 5.107782129385914516e+01
9.328947079985823176e-01 7.283592303853314661e+03 9.777886468619439029e+02
5.622368211803667748e-01 3.279700484533700546e+03 2.717737828356269461e+02
1.290892587034392580e+00 8.971254769199838847e+03 1.631071359482773005e+03
6.478795920933797525e-01 4.469640606546847266e+03 4.243834204533793582e+02
6.619679486687353176e-01 4.156403348909355373e+03 4.028511337329753701e+02
1.868836001894970344e+00 1.166562067694018151e+04 2.976381907686440627e+03
8.990749835921456601e-01 5.779011633318045824e+03 7.492630793512165610e+02
3.392227498039461775e-01 1.863000495851641972e+03 9.456580911594693362e+01
1.336694145786917476e+00 7.688819226706744303e+03 1.443704796360719229e+03
1.368405071697716080e+00 1.198354883727752713e+04 2.299336424070232624e+03
1.905517736098517600e+00 1.428535006522420372e+04 3.709568762578790938e+03
1.729369007887916476e-01 8.501768306485383846e+02 2.225846550441186267e+01
1.244821155516353528e+00 5.418552880192137309e+03 9.525365639399499287e+02
1.413503408492885915e+00 1.012111966882962224e+04 2.000886062106841109e+03
1.963161826928156994e-01 1.011971597628335417e+03 3.002639818435999786e+01
1.162258397711840585e+00 8.527050208526992719e+03 1.406386269621514657e+03
1.917043225857599120e+00 1.289611082196001735e+04 3.367159505976191667e+03
7.661477777415994783e-01 4.887897197272171070e+03 5.446111402077843877e+02
7.962728969148222813e-01 5.185617551359979188e+03 5.993426342643322187e+02
1.172593791300443389e+00 1.012809170974553854e+04 1.684270664194184519e+03
7.715721698632903580e-01 5.863806478697028979e+03 6.577436244708818549e+02
7.242753007675141186e-01 3.950246587105770232e+03 4.172092934499096373e+02
1.421026897587039484e+00 9.552724981634331925e+03 1.897768527462405473e+03
1.981023637720893182e+00 1.691413931761001004e+04 4.549453382287751083e+03
1.416184975067796836e+00 1.003991960708126499e+04 1.988299467484763454e+03
7.155081889242694837e-01 4.833406291709869947e+03 5.045927329248409592e+02
1.417933763601504138e+00 1.047683971439808010e+04 2.077185199718041531e+03
1.348506117552734196e+00 9.754420838716578146e+03 1.846495663863801838e+03
1.211673038929787838e+00 8.837148434242664734e+03 1.515068343697904083e+03
9.124013025447397229e-01 5.493572573360738716e+03 7.222093583526831253e+02
8.066438062674381460e-01 5.324827294794884438e+03 6.230347746309655577e+02
1.050367022513472692e+00 5.850051979587199639e+03 8.778617743875992119e+02
1.645301721770140446e+00 1.202616652085855821e+04 2.732596563060810695e+03
3.336532660232928715e-01 1.723909922488392567e+03 8.610207141007983012e+01
1.177823260722358878e+00 7.510079326138415126e+03 1.254084315134206008e+03
1.480595205930713254e+00 1.249134165359165490e+04 2.577030903348842003e+03
1.108368716670506959e+00 6.970087826493744615e+03 1.099827134466710504e+03
1.855817128652284209e+00 8.843255952019600954e+03 2.242019574056433612e+03
1.095770859811427078e+00 8.212112462756327659e+03 1.282052677237860962e+03
1.173191754130924247e+00 9.666618630303868485e+03 1.608291842088296789e+03
1.415182131025514822e+00 9.747873976186734581e+03 1.929204467929380144e+03
1.990708443463474753e+00 1.062536527089723859e+04 2.870572768740860283e+03
1.149762627805310578e+00 1.088581609524471423e+04 1.777441054197765197e+03
5.480600507505862806e-01 3.202681475814109945e+03 2.589447803603098919e+02
1.274316911187356682e+00 6.675318231298891988e+03 1.199211174052193428e+03
1.774168016222784194e+00 9.749382213985029011e+03 2.372787575130120786e+03
1.268958688074401042e+00 9.976237251712866055e+03 1.785235415657723024e+03
1.942889482274041235e+00 1.244995322858043255e+04 3.290326829937217099e+03
1.599458057438192915e+00 1.017484166927519982e+04 2.253017955848096790e+03
1.596243687928547983e+00 1.238892557057032536e+04 2.738242233064906941e+03
9.264200152723148785e-01 6.884366526892260481e+03 9.181506499940959429e+02
8.191851846554774053e-01 4.543401381297287116e+03 5.394371755928870016e+02
1.990136486250479342e+00 2.491968469533435928e+04 6.730609409156198126e+03
1.197265424178879822e+00 1.041726556459234962e+04 1.766229937226539278e+03
1.311201323899872540e+00 8.198592877363696971e+03 1.512272630281153170e+03
1.053848711390292348e+00 7.630855335925622967e+03 1.148642440752794528e+03
1.624657409553620369e+00 1.563239660893008659e+04 3.511288548269399143e+03
1.615079366027296182e+00 1.036028659563418478e+04 2.314550684639479186e+03
7.865732378190172236e-01 5.072797607116009203e+03 5.795209397936715732e+02
7.014530138569696760e-01 4.353509560941542077e+03 4.459723699921892148e+02
2.697353544685772708e-01 1.294076112999220641e+03 5.248479895087698566e+01
1.445142604262637853e+00 1.481524380239101265e+04 2.989151515461465806e+03
1.330678432908106279e+00 1.008293024852827148e+04 1.885367520936561959e+03
1.314077870116881763e-01 6.547950590210809878e+02 1.306498600529363863e+01
1.292213206191307640e+00 9.853271035260362623e+03 1.793127397956694267e+03
1.510938179655239022e+00 1.379308941532451900e+04 2.899059857629413727e+03
1.313503743679298230e+00 9.515603419942837718e+03 1.758051389260037695e+03
1.164713400613428318e+00 7.717708280242287401e+03 1.275402296233347897e+03
6.814487116012551970e-01 4.603695577729858996e+03 4.587500344176073668e+02
1.317373326630630448e+00 1.038689168121755029e+04 1.924251604881958201e+03
7.013697812847611290e-01 4.489693442685715127e+03 4.598709288836049041e+02
1.890354959856517914e+00 7.412649602786546893e+03 1.911005542208361476e+03
1.045181826045005424e+00 6.698737631803618569e+03 1.000569448865463869e+03
1.925371645245808505e+00 1.456736315548098719e+04 3.818483581804609457e+03
1.222510178240612255e+00 8.433236891695403756e+03 1.457823844917017141e+03
1.394815252817066309e+00 1.038349653959558964e+04 2.027747669248627062e+03
7.559793738186879608e-01 4.340997972219258372e+03 4.775685842474971423e+02
9.785193118945617607e-01 5.321925407503032147e+03 7.472673504766216865e+02
7.314625918169078700e-01 4.545495806747338975e+03 4.846154855046405601e+02
1.326261692590001040e+00 1.107939099930406155e+04 2.065337849045366966e+03
1.561084690560915256e+00 1.210966280734748034e+04 2.622531508841356299e+03
9.363083023978436836e-01 4.721878514016626468e+03 6.360746453437178616e+02
1.651417128084332164e+00 1.312177928686114137e+04 2.991655845100718125e+03
9.594267449258834235e-01 6.612086631759044394e+03 9.113833365235293513e+02
1.262057395260601345e+00 1.066059016819959470e+04 1.898085218239495362e+03
5.541805471901598557e-01 3.185484658631534785e+03 2.603241287928893257e+02
9.139719493346059043e-01 6.163251832985912188e+03 8.115634263702520457e+02
2.742526021497305733e-01 1.387044981967746708e+03 5.717944850042740512e+01
1.612003070324484311e+00 1.087770481599296181e+04 2.425914985902127228e+03
1.508005775100798695e+00 1.125511504409860208e+04 2.361411825484564815e+03
1.322978132092946124e+00 6.994813651628108346e+03 1.300937825320136653e+03
1.742531764460171662e+00 1.140185685416603337e+04 2.729919117630648088e+03
8.475750091901828043e-01 4.398416447984931438e+03 5.393479997804193999e+02
1.052055508392171879e+00 8.864224105136949220e+03 1.332171410927173156e+03
5.757908314538353611e-01 3.976382540703435097e+03 3.371435187166791820e+02
5.787502401481960934e-01 3.507065248364155650e+03 2.988212199794105572e+02
1.010291171445020009e+00 7.394036774271944523e+03 1.069835035470621506e+03
6.189805441852294088e-01 3.680534737221188152e+03 3.345078215234935328e+02
1.113393511553663728e+00 9.266999800912828505e+03 1.468448273644361961e+03
1.045894461425443067e+00 6.627534618676441823e+03 9.905660504811313558e+02
6.119132564999070212e-01 4.159872823238646561e+03 3.739306981361332305e+02
1.450886962204920527e+00 1.126906099921172063e+04 2.281974690130951785e+03
4.874659662503114665e-01 2.558560765396735860e+03 1.847455291039971712e+02
6.760962921261369774e-01 4.247329624847178820e+03 4.200613958569038004e+02
5.889663947026200219e-01 3.407457946659946174e+03 2.952586166599717217e+02
9.809208668136831788e-01 6.314032569750253970e+03 8.886162221928611871e+02
1.792700500367507610e+00 1.395161226749465641e+04 3.427742126359550639e+03
1.230568872376075484e+00 1.132772146731599423e+04 1.970160788653430473e+03
1.294423238783706465e+00 8.339449192303412929e+03 1.520039249469951528e+03
4.516414323078852266e-01 2.505138669477391886e+03 1.680016607474428554e+02
1.586404040462722209e+00 1.458236644689533023e+04 3.204870432821621307e+03
1.455831008693717177e+00 1.489746755519995168e+04 3.026171446605211258e+03
1.458200412997784134e+00 8.550970102479441266e+03 1.739584579129674012e+03
1.547426345480804377e+00 9.615862252782297219e+03 2.065771007132416344e+03
1.348720580970717453e+00 8.931985559467781059e+03 1.691058261051072350e+03
1.179708810503500294e+00 9.814579733579139429e+03 1.641345946223487999e+03
1.706455119360157591e+00 1.044740819039583039e+04 2.454200217134583909e+03
1.566916667322925782e+00 1.718985608317304286e+04 3.735453114513019500e+03
1.446490720805282404e+00 8.466733045260927611e+03 1.709729180986066240e+03
1.714001585644853831e+00 1.926910557993007387e+04 4.544735401087818900e+03
9.790504639432937584e-01 6.566588046357726853e+03 9.225043687063295010e+02
1.483181718709248864e+00 7.753623209121798027e+03 1.602179693633135457e+03
1.522468174621671499e+00 8.769066574443249920e+03 1.855993072529779511e+03
1.659378141978248289e+00 1.196344170311886592e+04 2.739560404595617911e+03
8.083455338931033740e-01 5.155977970523113072e+03 6.044854942611846127e+02
1.664111080459639291e+00 1.353091384369934167e+04 3.106564375549450233e+03
7.940329966093792047e-01 4.447303236326604747e+03 5.126373907537646346e+02
1.642397422326505207e+00 1.376835547135553315e+04 3.123416824072502095e+03
1.216344359480709736e+00 1.002816695175479799e+04 1.725414821082717708e+03
9.674491591340058649e-01 6.919122311074449499e+03 9.612008224418561895e+02
1.043605308848424729e+00 7.941255803133724839e+03 1.184485079566477452e+03
1.242547788260638830e+00 1.096403439855965189e+04 1.924121549275339476e+03
9.761220416992620885e-01 5.746762330690576164e+03 8.050622674060483632e+02
1.288619842813759631e+00 9.872423835789672012e+03 1.791988828278965002e+03
1.799625099114418036e+00 1.287200117132908781e+04 3.173591924952005229e+03
3.689479716035301005e-01 2.079379987195226022e+03 1.145628969572387348e+02
8.556414027851286797e-01 5.571346785313153305e+03 6.893262812048657224e+02
8.248619651467281599e-01 5.448025300738100668e+03 6.510901843124645438e+02
1.019940936614267324e+00 6.475258185434915504e+03 9.452875423839093401e+02
1.615993474464536117e+00 1.371353532108823674e+04 3.065271084601795792e+03
1.531663901646034276e+00 1.220321625268791649e+04 2.597134484458192674e+03
1.103643882083268357e+00 8.600197622284664249e+03 1.351645237956850679e+03
1.488430089713220328e+00 1.449550233028331786e+04 3.005025235246324428e+03
1.843536712826883139e+00 1.035545062352127752e+04 2.609637429662434442e+03
1.713150922996227399e+00 1.489642084573314787e+04 3.511822954787925937e+03
1.607183237677025422e+00 9.102790823241573889e+03 2.024530664131255435e+03
1.509531296263184164e+00 1.089329017074813783e+04 2.287618696580465894e+03
1.748950673268552913e+00 1.404734331498210668e+04 3.374593102518896558e+03
6.614267902101145236e-01 4.235509198744067362e+03 4.101972635749429514e+02
1.949616464547480499e+00 1.817715316775321116e+04 4.818988159778567024e+03
1.087768962114504800e+00 8.951891794433284304e+03 1.388009210934762450e+03
1.910273912099870186e+00 1.478836529261092801e+04 3.848872536805514301e+03
8.784725509425483914e-01 5.786306444605867000e+03 7.339673744461424576e+02
6.121895302203076428e-01 3.898615610864013888e+03 3.505981224822523359e+02
1.372006383521447104e+00 1.079873210270837080e+04 2.077029125679646768e+03
1.919896488037022175e+00 1.859194308097584872e+04 4.860878024036312127e+03
1.892908133598686371e+00 1.013685615127508208e+04 2.616513705150953683e+03
1.970603698791705494e+00 1.340736394834818748e+04 3.589062440118682389e+03
1.673886089847221204e+00 1.291980747957044696e+04 2.982148590076576511e+03
3.812484352951709954e-01 1.952541504662923444e+03 1.110671923360363706e+02
1.601434632693196969e+00 1.327778567819116688e+04 2.943425082532285614e+03
8.466130705382528543e-01 5.189504001740657259e+03 6.356702225488983231e+02
1.774967482603280411e+00 1.999129600272317475e+04 4.867439856360753765e+03
1.768754390630157713e+00 1.387865935595616611e+04 3.368391199211966978e+03
1.254327336069092969e+00 1.061630861066864782e+04 1.879468776892029382e+03
6.150899573878484405e-01 3.760997696340467883e+03 3.397595705572020393e+02
1.521259856016397682e+00 1.149152216053165648e+04 2.430437294657249822e+03
1.199026109862491696e+00 5.979092672069028595e+03 1.015130562823997707e+03
8.184685686042765251e-01 5.247985171778484073e+03 6.225756124837848802e+02
1.150757885339207975e+00 9.053546679105738804e+03 1.479459152088577184e+03
8.830248835633579541e-01 6.215499121762710274e+03 7.922671441891405948e+02
1.020281698657536040e+00 7.596127579086047263e+03 1.109264484722168163e+03
1.500012572042442205e+00 9.433297583131203282e+03 1.969554004601026918e+03
9.244627925998594176e-01 6.178561313198644712e+03 8.223787213666581692e+02
9.090306505273846316e-01 5.887617384691182451e+03 7.713154912587184526e+02
8.676862988970726054e-01 5.062645669023239861e+03 6.347207170713210189e+02
1.979228937327850435e+00 1.288922505622475001e+04 3.464017763039534657e+03
1.282547544948126506e+00 9.866109303871551674e+03 1.783029769863946512e+03
1.646902531476564180e+00 8.799243053688971486e+03 2.001147628863946920e+03
9.840680133656677375e-01 6.804092508700430699e+03 9.604714388912433378e+02
1.085682209591493308e+00 7.575078752777630143e+03 1.172426050787245003e+03
1.641173214208799802e+00 1.294336002024401023e+04 2.934264591394274703e+03
1.024515073436724988e+00 5.679456279950514727e+03 8.325980125229368696e+02
1.441788205126145250e+00 1.456695556095831489e+04 2.932782718195266170e+03
1.170263557311459479e+00 6.604820400467077889e+03 1.096330210654703023e+03
1.232897924397568179e+00 9.417870524772994031e+03 1.640868652433301122e+03
9.294572168011253632e-01 6.512218747381479261e+03 8.712005832068698510e+02
6.353785413920797209e-01 3.371896424334008316e+03 3.142356354802849978e+02
7.508422826584535414e-01 5.335713462319289647e+03 5.832050524044332178e+02
5.753385153408067110e-01 3.400762900215964237e+03 2.881209161461765689e+02
1.020025189542491661e+00 6.008947437027090928e+03 8.772813231353683250e+02
1.979693597511536174e+00 2.841084763250249671e+04 7.637121515551120865e+03
1.125318029730155711e+00 7.711156132947941842e+03 1.234113234198247255e+03
9.841596486518860987e-01 7.642678652392618460e+03 1.078941330199189679e+03
1.264627510958569401e+00 1.084262572215193723e+04 1.934138511833741177e+03
1.324213811123903461e+00 8.777895178438166113e+03 1.633975209262280032e+03
5.242462871063178209e-01 3.083613668487358609e+03 2.388655480927974111e+02
9.979931975653110188e-01 5.472096742478234773e+03 7.827048831499952257e+02
1.476785023937124297e+00 1.107388969833174269e+04 2.279203624701954595e+03
1.427752792871627596e+00 1.341074277535374131e+04 2.675814191435088560e+03
1.449282865486454019e+00 1.065155970669350063e+04 2.154738885179874615e+03
1.750281324593103927e+00 1.151157601240281474e+04 2.767339967414870443e+03
5.461854912943742146e-01 3.241190823085596548e+03 2.611947661653973682e+02
1.099126963001544333e+00 8.489651578307060845e+03 1.329171889349327557e+03
1.209166244135185364e+00 1.227175455439789221e+04 2.099864762591610088e+03
7.682902594386495920e-01 5.554265913768964310e+03 6.205032645349447193e+02
1.317720145427998979e+00 7.694602787899170835e+03 1.425831262160485494e+03
9.554334047409994701e-01 6.393721901981491101e+03 8.778340387628421695e+02
1.070129793781442684e+00 1.112110096613384121e+04 1.698198434256918972e+03
1.636438995748509928e+00 1.299025378520067352e+04 2.937138458656901548e+03
5.867886612367149146e-01 3.507008964979515895e+03 3.028049404410000420e+02
7.797237010786342015e-01 5.382310689173407809e+03 6.097933172117357117e+02
1.229460596712601550e+00 9.617455641481625207e+03 1.671306771820760332e+03
1.485794764082033481e+00 1.041461850267886075e+04 2.155518357325071520e+03
8.510679739671349608e-01 6.168220435942282165e+03 7.593161906521058881e+02
5.737246179143277169e-01 3.603664259097044123e+03 3.044874839343788722e+02
1.697139801112632185e+00 2.498732689503187794e+04 5.840569487746971390e+03
2.891150864384158803e-01 1.609634352771720614e+03 6.987888456279503657e+01
1.078729064591924081e+00 8.266000853830906635e+03 1.271703683874404987e+03
1.626612220789307450e+00 1.482645169597760105e+04 3.333920173515333317e+03
1.310570818256173720e+00 1.142881865664916950e+04 2.107167076519858711e+03
1.943135591049104105e-01 1.060587049818567266e+03 3.115227525869871172e+01
1.714657190723935853e+00 2.174166793808511648e+04 5.129690647219119455e+03
5.767170927996158047e-01 3.080992293675776182e+03 2.616306255014335420e+02
9.529878430778250253e-01 5.304515368787673651e+03 7.265361316185855003e+02
6.544762528778378385e-01 4.359983466141399731e+03 4.180055897930022297e+02
8.082250023367876235e-01 5.052471163792105472e+03 5.922666144510554886e+02
1.080388266952812648e+00 8.134287984142307323e+03 1.253239079457914158e+03
1.350798911528696689e+00 1.305472785108423886e+04 2.475116589922787171e+03
1.021841516697485908e+00 7.320423376305998318e+03 1.070535417486987171e+03
1.369642828686924219e+00 9.132258944360293754e+03 1.753708644050466546e+03
1.543317028335817742e+00 8.900390657852120057e+03 1.907415013770873202e+03
5.652964333274177466e-01 3.123688834976497674e+03 2.602013186916682912e+02
5.462983385088678867e-01 3.544241037063540261e+03 2.856732408149442790e+02
3.764367699330381511e-01 2.329726441911763231e+03 1.308935082157897796e+02
1.893588700830789895e+00 2.244611371675547707e+04 5.795652961729232629e+03
1.877160195275003440e+00 1.548433195008895018e+04 3.966645597322643425e+03
1.097966037128395245e+00 6.874905111162857793e+03 1.075299400524302655e+03
9.626860303393686147e-01 5.865100595353136669e+03 8.110043184249741444e+02
1.192306305753073392e+00 8.774496370298864349e+03 1.481972652143135065e+03
1.215825575040593298e+00 7.831707179232975250e+03 1.346965188015301464e+03
5.957754621325782596e-01 3.930883535100547761e+03 3.443960213811453173e+02
3.883166037657961867e-01 1.982388481524742701e+03 1.147998442217233901e+02
1.930867271234241622e+00 1.148664028553135176e+04 3.018727308772668039e+03
1.443035030394748119e+00 9.614791093256966633e+03 1.937296797684298781e+03
3.328034220758140371e-01 1.969342364974737393e+03 9.811563537098061261e+01
9.404453507609078500e-01 7.456422445802484617e+03 1.008617858325648513e+03
1.968495201232341341e+00 1.652833379582440830e+04 4.420242410006876526e+03
1.899462087860542381e+00 1.943904302903785356e+04 5.033324236413839571e+03
6.821981455304665376e-01 3.763274375270447308e+03 3.753976037401236567e+02
1.199044511541515368e+00 9.275209986013456728e+03 1.574767935149690402e+03
1.104483989099031893e+00 7.433221647629458857e+03 1.169068297445406870e+03
1.508059585587624207e+00 1.236701256654290410e+04 2.594781612963979569e+03
1.643969777756412398e+00 1.327766901744406823e+04 3.014734565725582343e+03
9.323629579570553716e-01 6.652326234550832851e+03 8.925646265250908300e+02
8.561310538487706401e-01 5.927309563481873738e+03 7.337654608667165803e+02
1.690120743056303221e+00 1.441083246540684195e+04 3.355707364050549131e+03
1.009639222886797860e+00 6.860357473269466936e+03 9.920166972996435106e+02
8.121296939087954136e-01 5.456929742347363572e+03 6.426088473085095529e+02
9.994549888588761810e-01 6.120545827582096535e+03 8.766597235302421041e+02
1.492530432803057305e+00 1.341921772131460784e+04 2.788936794738077424e+03
1.746084839798802246e+00 1.259577997432902885e+04 3.021372353227248368e+03
1.821263846802492647e+00 9.475449177408016112e+03 2.361670600700539126e+03
1.883790306971829143e+00 1.172942625566267088e+04 3.014365000120398690e+03
1.876849141245878760e+00 1.235720873588898394e+04 3.165089960101098768e+03
1.442923854527891070e+00 1.070905221912683191e+04 2.157628029438347312e+03
1.996386918077743600e+00 9.993069561284459269e+03 2.706712502798192418e+03
7.601813218622478496e-01 5.093018935568421512e+03 5.632629098762074591e+02
1.495744279334992877e+00 7.021701539281698388e+03 1.462214697059381251e+03
1.796352400531730842e+00 1.569422942563870492e+04 3.863018571644985514e+03
1.630963311422505946e+00 1.752058829442285787e+04 3.949355644045378085e+03
1.020281234672809845e+00 6.682783891680174747e+03 9.758882525819093416e+02
1.429668375860460472e+00 1.019930523986230583e+04 2.037555585544201449e+03
1.168965277523424495e+00 8.981300364085453111e+03 1.489261535220163978e+03
7.737153929230354832e-01 4.920730826046542461e+03 5.534157482133504118e+02
1.433029194976580989e+00 1.113100313114227356e+04 2.228493201599056192e+03
1.034615325757467730e+00 7.112038462517768494e+03 1.052241029828375758e+03
9.522071139392214167e-01 6.520924855614374792e+03 8.924539256556965938e+02
1.818476264009105892e+00 1.319165161969343171e+04 3.283330946648092777e+03
6.496491038593623646e-01 3.729313085808803407e+03 3.550166337481701930e+02
1.870505742822187401e+00 1.483695669177107993e+04 3.788587685074752244e+03
1.330141399399036306e+00 9.512762307579178014e+03 1.778090849242104468e+03
5.935073667490166072e-01 3.955452270531507111e+03 3.452812022928488886e+02
1.480035405815424365e+00 9.570305311413716481e+03 1.973719943993472498e+03
1.495453052633370250e+00 1.426147820956903888e+04 2.969311198667599456e+03
1.581301134250529428e+00 6.585219780394603731e+03 1.443021608305703012e+03
1.928760632986300294e+00 9.927652100245810288e+03 2.606442443574299887e+03
1.883051844131615304e+00 1.015106897453184865e+04 2.607813264594292832e+03
1.308504369046571858e+00 8.022683653051524743e+03 1.477010556276418129e+03
4.595685145086131351e-01 2.811803507082912347e+03 1.917738876015851872e+02
7.122885537627690056e-01 3.676629018442780307e+03 3.821814982935487137e+02
6.773410149282884651e-01 4.318234917473985661e+03 4.278253834772596065e+02
9.529989027585213934e-01 6.616771499289475287e+03 9.062799757657502369e+02
1.535753624532192552e+00 1.286172443040087455e+04 2.743977607177516802e+03
1.896789226272285855e+00 2.068171150709270660e+04 5.348257817547541890e+03
1.339350986255465115e+00 9.701748506828038444e+03 1.825009730040276054e+03
9.892359838359169322e-01 7.429815923167685469e+03 1.053971210275693466e+03
6.290298703821602944e-01 3.938657732646935983e+03 3.635380409964812429e+02
9.761928096654197695e-01 6.986412622849341460e+03 9.787911952785871108e+02
1.789303804875094661e+00 1.583427234553983180e+04 3.883590002310419550e+03
1.656394009948134238e+00 1.215677135479697245e+04 2.779263552920263919e+03
1.931790517301742005e+00 1.652095474201411344e+04 4.343641573908128521e+03
1.426951327866614605e+00 1.028116766679533248e+04 2.050317791357280839e+03
6.246779820870012045e-01 4.229235375576472507e+03 3.877689811739882657e+02
1.642197175231762341e+00 1.562466857781325962e+04 3.544135745067525022e+03
9.742061744326256933e-01 5.388987174704963763e+03 7.535490874417104123e+02
1.130025966316574149e+00 6.786553432520728165e+03 1.090374102787233369e+03
1.149223569849406434e+00 8.212029261678311741e+03 1.340278307617404153e+03
1.718652175899403112e+00 1.405040981477527930e+04 3.322062278850467919e+03
7.046473251968504714e-01 3.956151728784866009e+03 4.070280566216686111e+02
1.188916327580513910e+00 6.931503678472840875e+03 1.167604745547689618e+03
1.923379589297995240e+00 1.545731647821444858e+04 4.047966928620746330e+03
1.031204220033097974e+00 7.868503185346028658e+03 1.160565062989085845e+03
9.702850816886360308e-01 6.468190378015007809e+03 9.010334961973564987e+02
1.466305094986977142e+00 9.488126776615650670e+03 1.940092590743573737e+03
4.390111208278065780e-01 2.550884858197689482e+03 1.664284385434176272e+02
1.173134779082266155e+00 8.308220704346143975e+03 1.382224778643243781e+03
1.387323161421428308e+00 8.781999115291249836e+03 1.706507765375926510e+03
9.678063226928962370e-01 7.901897539792083080e+03 1.098108431348086469e+03
8.883468029227928886e-01 5.913640077611336892e+03 7.580795727249949323e+02
1.606674450164174983e-01 8.253671972526192349e+02 2.009333178666453890e+01
6.855927094866485216e-01 4.441939104981355740e+03 4.452025190908059358e+02
1.729847784830066848e+00 1.346959985354250421e+04 3.203620292823870386e+03
1.886978633910194825e+00 1.501536186182376696e+04 3.864742736701238755e+03
1.890209373331360743e+00 1.697023660755393212e+04 4.374677645392780505e+03
1.131866318600360133e+00 8.346857627723396945e+03 1.343099415309704909e+03
1.425463620147069399e+00 9.584069142990105320e+03 1.909465509602795009e+03
1.751453855363219514e+00 1.592778601313230320e+04 3.831313990903483955e+03
1.452530915897456865e+00 8.730716462240134206e+03 1.769803570013322087e+03
1.820502414811798753e+00 1.574821221184573733e+04 3.923610426011635809e+03
7.908614424083987293e-01 4.698448419207410552e+03 5.395330007158278249e+02
8.040511032816111125e-01 5.842667308651312851e+03 6.815404919876710892e+02
1.414431680717818107e+00 9.129968267599424507e+03 1.806032460963405811e+03
9.869552101172747172e-01 8.955231275832806205e+03 1.267611221236518077e+03
7.766764092409570441e-01 5.658881718992858623e+03 6.387469278078959860e+02
1.371920200489050057e+00 9.752940992658415780e+03 1.875772898296149606e+03
6.996245736477679777e-01 4.178562867373269000e+03 4.269859186393168784e+02
1.087107103753258919e+00 6.656331400892403508e+03 1.031491101569719149e+03
9.294691030195610937e-01 8.067884391761695952e+03 1.079329570675838113e+03
1.832292201088341566e+00 1.528946455450968097e+04 3.831704481561136618e+03
1.277539393315813454e+00 9.675340048502313948e+03 1.742230747769810478e+03
1.443415339051914437e+00 1.380492385718781043e+04 2.782246206549407361e+03
8.808101029588792930e-01 6.846269421080130087e+03 8.706016651618040214e+02
1.386842458655782595e+00 1.006080215677068918e+04 1.954378943023990587e+03
1.024242300560690433e+00 9.028780427830346525e+03 1.323272546190197318e+03
7.497669505296943315e-01 4.671529625061926708e+03 5.099124122194367601e+02
1.164521850010178161e+00 1.110348981831869241e+04 1.834644168511407088e+03
6.915093229558019194e-01 5.656881199450750501e+03 5.716448408810183537e+02
1.211930696584594180e+00 1.090215754511826890e+04 1.869469098516202166e+03
1.394607191259803036e+00 9.373080293382701711e+03 1.830176327649793848e+03
7.478965817618657974e-01 5.633490623574563870e+03 6.134536025858180892e+02
1.416571549740892610e+00 1.064848637171677183e+04 2.109349547613718187e+03
1.121721224726802468e+00 7.223333812353012945e+03 1.152594268987772011e+03
1.332640383368081549e+00 8.293231591127532738e+03 1.552830824790255065e+03
1.795783333217375599e+00 1.164020806864585211e+04 2.864326473549147522e+03
1.559417227537551742e+00 7.677190040498129747e+03 1.660986264116671691e+03
6.249349338988131608e-01 4.676714604680547382e+03 4.289664413807442429e+02
1.549885062719287276e+00 1.072616520005872371e+04 2.307649940235938175e+03
1.316599102548407174e+00 7.334607414766224792e+03 1.358054263432174821e+03
3.933236323780899268e-01 2.302473705775249073e+03 1.350087930427524441e+02
1.032160619536728552e+00 7.705300802565951017e+03 1.137481128130956222e+03
1.244339240019710635e+00 9.126200081269909788e+03 1.603734148248808879e+03
1.726350829656719377e+00 1.321730513721081297e+04 3.137828195817671713e+03
4.965482694018953369e-01 3.027090313098293336e+03 2.225125471242827189e+02
1.098885342278552057e+00 9.360454843329922369e+03 1.465207295163952949e+03
1.040623681208949769e+00 7.118400169711084345e+03 1.058910249768711992e+03
1.975634556948509868e+00 1.610795036996579256e+04 4.321948229284495028e+03
1.235475645873364448e+00 9.233244059091408417e+03 1.611821694820884886e+03
1.781691316723639007e+00 1.203840184421864433e+04 2.941177341373641866e+03
9.430757944667843562e-01 5.025032083022385450e+03 6.815174391200621358e+02
1.525124941201300821e+00 8.720504260598654582e+03 1.848667122770921651e+03
1.034998470220916511e+00 6.791545291332562556e+03 1.005171996198296938e+03
1.986217747934648115e+00 1.141124476081945249e+04 3.076598280198282282e+03
1.461137640846658980e+00 1.002569111468278425e+04 2.043372604832836714e+03
1.636504899254914713e+00 1.708926298987375776e+04 3.864079801396524545e+03
1.720608943033141491e+00 1.025847227944196675e+04 2.428015715153052952e+03
1.952931065198950211e+00 1.020440213546504856e+04 2.709475448637928821e+03
1.036119307915848164e+00 7.206415120789481989e+03 1.067656152825957861e+03
7.898685002517573661e-01 4.581125909707937353e+03 5.254335289321850269e+02
9.367761800812868245e-01 6.367121546022540315e+03 8.581055879427443642e+02
1.717754853790898428e+00 1.418151293814495148e+04 3.351465809666479799e+03
1.271845652104164781e+00 1.163076623718723749e+04 2.085697032759337162e+03
7.053892072317268225e-01 4.647844882616008363e+03 4.786731617709465354e+02
1.501350102041751677e+00 1.707563504351640950e+04 3.568094680985720970e+03
1.390870401204432616e+00 8.396336023479569121e+03 1.635410306149295366e+03
4.280378959425467644e-01 2.509651451212288066e+03 1.597649828237276779e+02
1.749188031507159069e+00 1.683197706754992760e+04 4.044044918949134171e+03
9.730959363434867893e-01 5.796752000555196901e+03 8.096991766072562768e+02
1.518755484048465387e+00 7.001273217999888402e+03 1.478522184604814811e+03
1.998083058537696743e+00 1.772537997365953925e+04 4.804765862875598941e+03
8.889791384209725367e-01 5.024808536894294775e+03 6.445716376903802711e+02
1.922638839370779840e+00 8.535494185542436753e+03 2.234498283675861785e+03
1.310448480736767785e+00 1.308202103341549264e+04 2.411764990949592175e+03
5.090408001972639429e-01 3.153594840194699373e+03 2.374436648201237858e+02
8.529655500942734392e-01 5.561549832741607133e+03 6.860783167482558156e+02
7.296410009407188202e-01 4.259273250308342540e+03 4.530225883928091548e+02
1.239524153519321770e+00 9.589782733797024775e+03 1.679149930059474400e+03
1.412552876016177850e+00 7.513776825018679119e+03 1.484509983323514007e+03
1.239813194259955953e+00 6.639716754011717057e+03 1.162851310078055349e+03
1.209611222535639685e+00 1.097974647533270399e+04 1.879426748862574186e+03
8.187084702571062467e-01 5.177510944191994895e+03 6.143858041754582473e+02
1.445121962146718175e+00 1.181323963278190240e+04 2.383430192014015574e+03
5.545510620565778925e-01 3.329150420921183468e+03 2.722399401955600524e+02
7.811254825328499685e-01 5.305303442188288500e+03 6.020951696079926023e+02
1.194363411000424646e+00 7.976631610091882976e+03 1.349377432511790403e+03
8.658111089765567758e-01 5.477700932285351882e+03 6.853544993144124646e+02
7.790617328073883296e-01 5.491340469068552920e+03 6.216441502295861028e+02
7.073681568645736606e-01 3.697724787615651621e+03 3.818412510504215334e+02
1.908182268884768051e+00 2.038367418550519142e+04 5.299864955059933891e+03
1.677134052193699043e+00 2.091109764164935041e+04 4.835237169729093694e+03
5.634784358967346307e-01 3.436676490025654857e+03 2.853869300853142477e+02
1.916434200128178666e+00 1.368077152152350027e+04 3.571005637572443902e+03
7.569543735517534344e-01 4.398081354150492189e+03 4.844421217460312050e+02
1.696845391450127138e+00 1.192376345352969838e+04 2.786634999709121075e+03
1.292550980259273841e+00 9.675336085439799717e+03 1.761172165324579055e+03
3.631094949317871245e-01 1.986585850478687462e+03 1.077617552252178967e+02
1.214230201252276320e+00 7.503206337295599042e+03 1.288894229336026456e+03
1.822824921407900423e+00 1.527357524657897375e+04 3.809763922332176207e+03
1.980999603811103293e+00 1.203437947497589994e+04 3.236892320185284007e+03
1.302907296202201470e+00 9.888236260269626655e+03 1.813263988095022569e+03
8.234349368594634511e-01 5.227008782560920736e+03 6.236525531881326287e+02
9.467362672984176442e-01 6.333330183455248516e+03 8.620925123489706721e+02
1.976696850268873318e+00 1.489598569253477035e+04 3.998707987815441811e+03
9.210640170616977151e-01 6.518577286893065320e+03 8.646290998602638638e+02
1.104520227367013607e+00 6.624378506659571940e+03 1.041888494491410484e+03
9.889951560687872956e-01 6.616348530704244695e+03 9.383606145073601965e+02
1.619649221495113922e+00 1.530531055277688392e+04 3.428137479706097110e+03
9.833516274104695531e-01 5.862178113502455744e+03 8.269441297978783041e+02
1.213944140466608701e+00 8.068238586688401483e+03 1.385651748477237788e+03
6.789637962861075904e-01 3.804440688336047060e+03 3.777846270243204572e+02
1.852286834430063145e+00 1.247719089515776795e+04 3.157867090335998910e+03
1.331774000552481407e+00 7.115063751328302715e+03 1.331429691399709327e+03
9.177043515931044837e-01 6.008550074822978786e+03 7.942383153352626550e+02
1.453685664478610917e+00 1.064122327888705331e+04 2.158658647787711743e+03
1.355594786430598608e+00 8.217546301027548907e+03 1.563113762769669393e+03
1.392472022148878663e+00 1.077416632125029355e+04 2.100782810876005897e+03
1.033495487652302813e+00 5.380048357286262217e+03 7.951822584189735608e+02
8.499216338862756182e-01 4.735969652705392946e+03 5.822611828860932519e+02
1.057064870229319276e+00 7.945457864232029351e+03 1.199413810593072185e+03
1.909877688690007957e+00 1.994129899682309770e+04 5.189018184356647907e+03
1.532721563783055796e+00 1.139252082471100039e+04 2.426133524947102615e+03
1.989926581922180526e+00 1.254822724783177728e+04 3.388853526655781934e+03
1.888807495590400398e+00 1.695983767789417834e+04 4.369057998662800856e+03
1.635392412629484316e+00 1.026476246295408964e+04 2.319540674340514215e+03
1.073049360635834226e+00 8.715277651346999846e+03 1.334222675398015326e+03
1.056026459321459221e+00 6.936504527666164904e+03 1.046143723547929767e+03
1.946616616514627252e+00 1.660887737592323174e+04 4.397086271568953634e+03
1.009919445211523659e+00 7.493411277828896345e+03 1.083839213339806065e+03
7.986416021168247781e-01 6.179637771368120411e+03 7.162455246366430401e+02
1.111450045020736965e+00 8.291606629911733762e+03 1.311747193301418292e+03
1.608502064799540499e+00 1.875130729277505088e+04 4.173562553953390307e+03
5.923578813919087027e-01 3.358766937253305059e+03 2.926495335858462568e+02
7.538750570299498355e-01 3.677143025333372407e+03 4.034642147353356449e+02
1.093342643095194244e+00 8.885235158906481956e+03 1.384267502219059907e+03
9.190960643282886089e-01 6.411508081898015917e+03 8.487146430760162730e+02
1.199487075908712175e+00 9.445077472230943386e+03 1.604158490858707182e+03
1.808427031970398335e+00 1.301038884364554360e+04 3.221959956444973159e+03
1.123825998665274772e+00 6.645060299696887341e+03 1.062177394171563947e+03
1.886775570072238395e+00 2.269629508699766302e+04 5.841136991326298812e+03
1.183268098840020377e+00 6.212386903818270184e+03 1.041846583274304521e+03
1.668945264554493324e+00 1.181460542418546902e+04 2.719703685438073080e+03
1.301288431658421896e+00 1.208209397526489556e+04 2.213018122036283330e+03
6.351578612672370561e-01 3.417749724822815551e+03 3.184028245098855336e+02
1.727539301865641974e+00 1.416387981608843256e+04 3.364655383745088784e+03
1.122247367596385104e+00 8.695368641866321923e+03 1.388087141354847745e+03
1.446718082063285005e+00 6.516521125208388185e+03 1.316103435170747389e+03
8.089932866208117135e-01 5.814059768302837256e+03 6.821568521275657986e+02
1.542148703130272303e+00 1.113225985450132612e+04 2.384065430224291049e+03
8.640248489893874728e-01 5.164645965791748495e+03 6.449255187338420683e+02
1.850663877236030430e+00 1.462082711563781049e+04 3.697460921896848049e+03
1.365679944589074601e+00 8.951154614595463499e+03 1.714342368519781076e+03
1.197243116591323542e+00 1.192448757667742757e+04 2.021741895992348191e+03
1.349812833625427366e+00 1.086712371145152065e+04 2.058968498155093585e+03
1.418651266232066055e+00 6.290304583648328844e+03 1.247724855978471851e+03
8.681141569515209433e-01 5.220973130873316222e+03 6.548758482684531828e+02
1.759903858908174801e+00 1.002524516431670054e+04 2.422081444216488308e+03
1.670513912076793117e+00 9.880006511482477435e+03 2.276311694887411250e+03
5.827938103166904193e-01 3.373723335919111832e+03 2.893903453807222377e+02
9.112463514360650274e-01 7.224594585018594444e+03 9.486434494181472701e+02
1.254533717892981848e+00 8.100159617730756509e+03 1.434238541672528754e+03
5.556421153666970536e-01 3.543244774074931684e+03 2.902963314953829581e+02
1.388552498998114393e+00 1.180435091412827387e+04 2.295680809050270000e+03
1.001543001811483480e+00 8.321919936466063518e+03 1.194304464871874188e+03
1.717706505114467319e+00 9.983233951506772428e+03 2.359241201231032392e+03
1.145324199827039591e+00 8.158620784836859457e+03 1.327352030918468017e+03
1.154987418087859874e+00 7.334431646582109352e+03 1.202637157198300201e+03
1.118658927893944943e+00 7.500644302416332721e+03 1.193795234823124247e+03
1.786666379758053314e+00 1.312702549812823781e+04 3.215284388865687561e+03
8.989259135113436550e-01 6.777626645756277867e+03 8.785984895206338479e+02
5.214905289871267779e-01 2.776260592253152026e+03 2.139662182185531947e+02
2.792416652946432820e-01 1.396327844907525332e+03 5.858883689298556163e+01
1.408752490198246221e+00 1.107672594447192569e+04 2.183026199274022474e+03
1.726838414815343503e+00 1.246015743528052190e+04 2.958839688121680865e+03
1.835590313157926090e+00 1.984467258639518332e+04 4.981413231433072724e+03
7.623404125857848879e-01 4.925523887824671874e+03 5.462100358602936012e+02
1.949474133846561097e+00 1.756412720824580538e+04 4.656159725342730781e+03
1.215500007078553546e+00 1.207729841020273125e+04 2.076642432436981835e+03
9.237856549249946481e-01 6.242603423177559307e+03 8.303293334232754432e+02
8.936337046066450407e-01 7.660827625334794902e+03 9.875710843808726622e+02
1.317388526157267981e+00 8.032752012050272242e+03 1.488144988495129382e+03
1.912481521634326942e+00 1.325225605852892295e+04 3.452689818967737210e+03
1.250842582018528937e+00 7.446130044900275607e+03 1.314837670756554644e+03
1.010003374251827291e+00 7.007247169285470591e+03 1.013599951762358842e+03
1.854419392198421557e+00 1.760895114007888333e+04 4.461324952650851628e+03
2.124162340936620597e-01 1.090535077191549135e+03 3.497133101454441828e+01
1.085764745910400508e+00 5.826315158744465407e+03 9.018267855357973986e+02
6.043869833440204120e-01 3.670231634005070191e+03 3.260213780423364369e+02
1.748116129880186387e+00 1.363881007803985813e+04 3.275028661392664617e+03
1.899756685804065981e+00 1.403644714026997644e+04 3.634948402337055541e+03
6.699363978706841527e-01 3.680583021559881217e+03 3.608389858576961728e+02
6.020923870751211382e-01 3.920440652648313517e+03 3.469776673161725284e+02
1.504342598173645129e+00 1.110241062712247003e+04 2.324182165741342942e+03
1.757391219602472132e+00 8.594651674458456910e+03 2.073755902555983994e+03
1.645560425670256066e+00 1.223158439297505720e+04 2.779670699358855018e+03
1.748254751436391974e+00 1.205755863056197086e+04 2.895538465371968414e+03
6.968441427825609047e-01 4.005142657043313193e+03 4.077123241387644157e+02
1.008113933356566516e+00 8.209861032512977545e+03 1.185474161864062353e+03
8.611733586452562372e-01 4.874507851017079702e+03 6.067954975778477547e+02
9.557937803497406071e-01 6.394847975281291838e+03 8.783001776719364670e+02
9.619280179359364080e-01 7.067893391435432932e+03 9.765983515725110919e+02
1.025060239179522270e+00 5.340426020915667323e+03 7.832872673831931252e+02
1.753975475226979164e+00 1.226633655184621057e+04 2.954443090530157406e+03
6.604951924281704523e-01 4.071635022618985658e+03 3.937951611252913722e+02
1.293418236706656455e+00 1.374163562614790862e+04 2.502901367920950179e+03
5.663991178961456097e-01 3.352264580417011075e+03 2.797656667826125272e+02
1.021128737080138515e+00 6.445065276905369501e+03 9.419070814680006833e+02
7.624461632145114187e-01 5.301239721233578166e+03 5.879521374791042945e+02
1.653948065651910770e+00 1.090499677273206362e+04 2.489725060679183571e+03
1.351230144472547856e+00 8.211540742764844254e+03 1.557329263049033216e+03
7.968506068307406043e-01 5.182268035397288259e+03 5.993679109970436230e+02
1.671536249154682574e+00 1.123932187007085849e+04 2.590937511939532669e+03
7.174578897703809410e-01 4.579277936557942667e+03 4.793045349802885653e+02
1.123128481578509863e+00 7.775197619888679583e+03 1.242104345732005186e+03
3.777639545373948637e-01 2.137831296972973178e+03 1.205245288697099966e+02
1.265807983972549788e+00 9.388811156438781836e+03 1.676251313696798661e+03
1.683788833630435633e+00 1.881759058770223055e+04 4.366898143308050749e+03
1.836633556368387321e+00 1.567089093635214340e+04 3.935738891325325767e+03
1.537107532782063801e+00 1.771017073039124807e+04 3.781418763588275397e+03
1.254440919497808560e+00 1.056196717153166537e+04 1.870005337385868643e+03
9.842921962341707465e-01 6.053428825652142223e+03 8.546899711779363997e+02
4.927965248077387228e-01 2.952926939835518169e+03 2.154755143107168180e+02
1.652691138730707943e+00 1.879358689315805896e+04 4.287797072799103262e+03
1.198425828343176791e+00 7.652662839722363060e+03 1.298664856451629930e+03
1.095427930554721874e+00 7.202785805354405966e+03 1.124150664170935443e+03
1.733545187517000929e+00 1.111258261094546833e+04 2.648167515965545135e+03
1.410980289408380717e+00 8.477153337752839434e+03 1.673129133887018725e+03
1.709342948486054503e+00 1.460580189047308158e+04 3.436337350882745795e+03
1.587102421763794124e+00 1.324003090041623727e+04 2.911027425200376456e+03
3.873462887344221728e-01 2.299099242768672411e+03 1.328166815173530608e+02
1.909276259118535712e+00 1.486756720595182378e+04 3.867655155151885083e+03
1.988044511678957571e+00 2.382155800280464973e+04 6.427897980088920121e+03
1.278455728836615846e+00 1.042675592516536926e+04 1.878784565065984225e+03
1.867799855568593292e+00 1.319383882841240484e+04 3.364600953724004285e+03
1.570565396870194030e+00 9.934369098520237458e+03 2.163395006579261008e+03
1.959538816304104758e+00 1.366887862023458547e+04 3.640474750646333632e+03
1.383159378526840344e+00 8.637341182029167612e+03 1.673754448417387721e+03
5.873128709371965295e-01 3.553907372555226630e+03 3.071177162099429552e+02
9.291788548048710572e-01 5.154777070610352894e+03 6.894083140259540414e+02
9.387088185840420929e-01 6.069778158080104731e+03 8.196212785020753699e+02
3.735317576150580243e-01 2.155722664299751614e+03 1.202066146336149473e+02
1.446419023556317462e+00 1.004443089337410674e+04 2.028229055654482636e+03
1.459286069851637224e+00 1.261844539684603114e+04 2.568816303920860719e+03
1.726712948843266648e+00 1.899185042772638189e+04 4.509583756461824123e+03
1.281605584936317044e+00 1.134854867768563599e+04 2.049545623929210706e+03
1.840750727756427674e+00 1.048399725945503269e+04 2.638408527426452110e+03
5.432777455277129075e-01 3.360827391053599513e+03 2.694463584528749038e+02
1.707994494977962852e+00 1.982552330853138119e+04 4.661039980730757634e+03
1.180654673333656923e+00 8.567693510843078911e+03 1.433890848416041081e+03
1.437166887780231717e+00 1.291652622433313445e+04 2.592832948111270525e+03
1.604109711465173005e+00 1.144355800582002121e+04 2.540686100957557301e+03
1.517389371944420251e+00 9.530476136395385765e+03 2.010976847297951736e+03
1.047868287289025258e+00 5.107148327535382123e+03 7.646743920931231742e+02
6.529420704177131274e-01 4.347622288440985358e+03 4.158852818376321352e+02
1.476786338264649556e+00 1.529164311707555680e+04 3.147294930269575161e+03
1.853933747747962490e+00 1.206775164876901908e+04 3.056705104452111755e+03
1.291396255752634392e+00 8.656227611170706950e+03 1.574364257249988441e+03
9.581876652249270432e-01 5.684206981900673782e+03 7.825363891843073816e+02
6.351626575089670546e-01 3.785634783409886040e+03 3.526781145063526424e+02
1.586584756309984412e+00 1.346558544813430308e+04 2.959735872979448231e+03
1.459323690249322070e+00 8.105056387007282865e+03 1.650036402391538786e+03
1.374343278969895055e+00 1.164503558465874266e+04 2.243325063003906962e+03
1.488758727393756365e+00 1.371674970608410695e+04 2.844160350132900021e+03
1.204807931250627684e+00 7.801033129485001155e+03 1.330393092790797937e+03
9.560729024114452690e-01 5.957648568384928694e+03 8.184778273353858822e+02
1.567701095730222871e+00 1.352657252923714805e+04 2.940747643482229705e+03
1.856784063447848299e+00 1.213354090332286432e+04 3.077655273909039352e+03
6.491927037827559532e-01 4.164880125481170580e+03 3.962143226130132234e+02
1.465446930276229853e+00 1.044606133003703872e+04 2.134818529019735251e+03
8.141728336713556224e-01 5.536352555055589619e+03 6.535167455779090915e+02
1.343109040035255886e+00 8.018502945217755951e+03 1.512279771580494980e+03
4.025256492132836539e-01 2.148530801286645328e+03 1.288482482442582011e+02
1.669229583134182793e+00 9.055245350430050166e+03 2.084827207978700699e+03
1.169460792465918164e+00 1.044669051428202329e+04 1.732932978333210258e+03
1.694381661159958030e+00 8.233099252763673576e+03 1.921564700911073032e+03
7.633033021928303796e-01 4.089669324525806132e+03 4.540636379932200271e+02
8.446358852124015160e-01 6.575832297900904450e+03 8.037032348995596749e+02
9.766574884280663227e-01 5.299129141518601500e+03 7.427361138692760960e+02
1.964055605744195354e+00 1.838932273961796818e+04 4.907898776791625096e+03
1.500351575485846523e+00 1.290264689857375924e+04 2.694469154957645969e+03
1.480990919449677756e+00 1.010210158071353544e+04 2.084629284933486815e+03
6.385917802985034974e-01 3.996144874677225289e+03 3.742151232857240757e+02
1.570386860681069363e+00 7.518326864228867635e+03 1.637086213929146425e+03
7.571782655708561016e-01 5.151488176984470556e+03 5.675884096996322796e+02
1.800393380750141326e+00 1.348623100136457651e+04 3.326319878224952845e+03
1.257032306587071435e+00 8.220977512885776378e+03 1.458317876759896990e+03
8.203136450611889785e-01 4.714831670454167579e+03 5.605219160815141777e+02
8.266352075530657428e-01 5.165874655182660717e+03 6.186279433850993428e+02
1.865116589359065546e+00 1.455538912426516436e+04 3.706977886214477621e+03
8.986064699056821592e-01 5.449853061488760432e+03 7.062394059641410422e+02
5.616664158699374854e-01 3.576801395660341768e+03 2.961037437507751520e+02
1.669236333170098785e+00 1.281106070716570139e+04 2.949555247005508591e+03
1.354697918996999428e+00 9.439875667547739795e+03 1.794524715777136635e+03
1.475336085021402566e+00 1.235532789731430421e+04 2.540654995476099430e+03
1.285462443122086684e+00 1.249901926636998542e+04 2.263608384303923685e+03
4.734781145892409393e-01 2.997900697170276999e+03 2.104562838174679484e+02
2.095440447054214561e-01 1.051566084518939306e+03 3.327244766351520155e+01
1.842568477058258214e+00 1.003757682516216664e+04 2.528325691970955631e+03
6.770019995910036004e-01 4.281085175068222270e+03 4.239419118009079739e+02
1.428547209592188283e+00 1.188511343375124670e+04 2.372622956700536179e+03
1.253275737529010003e+00 9.546145978597760404e+03 1.688698030963177416e+03
8.193770849823214242e-01 4.651035644127965497e+03 5.523391817751893313e+02
1.623962919578469055e+00 8.938712584249780775e+03 2.006995101040531154e+03
1.181961137051291244e+00 1.239189841999774944e+04 2.076044908194493928e+03
1.690228323818636413e+00 1.320481954372240034e+04 3.075053516933528499e+03
1.505374295731235712e+00 9.989226617163503761e+03 2.092463456401213989e+03
8.757401553004737771e-01 5.695085174673169604e+03 7.202733690342419095e+02
3.786705174051242517e-01 2.221153894888117520e+03 1.255146916188846546e+02
1.359212229365042379e+00 1.068433694529575587e+04 2.037342366384552179e+03
1.672613921534242820e+00 1.165301204509544732e+04 2.687882651963700027e+03
1.222715816636242181e+00 8.318758221696003602e+03 1.438258867734012028e+03
1.007578610720882173e+00 6.786825807635422279e+03 9.795048268558746258e+02
1.898268406183389656e+00 1.761094479290795789e+04 4.557380561745967498e+03
5.390650050324963249e-01 3.601857733688605549e+03 2.866119973008770785e+02
8.025706974638827651e-01 4.653688545979453920e+03 5.418992310988386407e+02
1.096089782351289843e+00 7.861553668316719268e+03 1.227658005056923002e+03
1.572978192194922853e+00 8.798610813649862394e+03 1.918755894909263588e+03
6.012003770689994253e-01 3.783636070632937844e+03 3.343934553869475508e+02
1.906770085432838435e+00 1.669735981332239317e+04 4.338492516173521835e+03
1.562271616410252362e+00 1.616496476243986217e+04 3.503205350600548172e+03
1.726364890938075547e+00 1.245792717567910768e+04 2.957571504599850869e+03
4.359198183584226949e-01 2.357059031066758962e+03 1.527318728907893899e+02
1.531764950996680863e+00 1.605589384862381121e+04 3.417282453322489800e+03
1.656302721265322964e+00 1.790778916054747242e+04 4.093847070987828829e+03
1.731772435976468572e+00 1.410235152808642124e+04 3.357511497772606162e+03
1.972117417626136238e+00 2.007711416608126819e+04 5.378244864006139323e+03
9.963836516276066702e-01 6.148164845544256423e+03 8.780753518231019825e+02
1.017843712551536273e+00 7.774413721691918909e+03 1.132755927577857165e+03
8.946337517362503711e-01 6.007454084047517426e+03 7.752497032112512443e+02
1.511678041234132852e+00 1.501592984857138981e+04 3.157496325017672461e+03
1.524722381386851788e+00 1.357789414910681990e+04 2.877692883421848819e+03
8.804117589053471749e-01 4.901107717859943477e+03 6.229801242551270661e+02
9.414764927851653198e-01 5.404025451234007051e+03 7.317480866477885684e+02
3.290466783813439378e-01 1.908150791831565812e+03 9.401831473232705605e+01
1.209522637661981870e+00 7.645590257650657804e+03 1.308623055216072771e+03
1.776612588876264720e+00 1.289539344777591759e+04 3.142389489662783944e+03
1.265371945753478666e+00 1.287868853204909465e+04 2.298590137077962027e+03
1.647174002165010753e+00 1.264165990037942538e+04 2.875433007778444789e+03
1.249747461301898399e+00 1.213014287184659770e+04 2.140202003419047742e+03
1.479689966141534141e+00 1.015833769251329613e+04 2.094543072474746623e+03
7.290110607571673729e-01 4.934476057585191484e+03 5.244064247594787957e+02
8.807222967844802186e-01 5.843888556608500949e+03 7.430645403212247402e+02
1.738830683354098072e+00 1.877259413376952216e+04 4.485988189312334725e+03
1.920774967759044882e+00 1.733510410622356721e+04 4.534154655195625310e+03
1.911703011165070576e+00 2.086366989056186503e+04 5.433732719142091810e+03
4.378765700993521026e-01 2.595811948722513080e+03 1.689350058886185764e+02
1.836757268882669214e+00 1.518803506091204326e+04 3.814702995470313908e+03
9.604464062992638107e-01 6.060861808168555399e+03 8.362397432963566644e+02
7.916947280335697723e-01 4.522978029378407882e+03 5.199028648435473769e+02
1.682301327518436196e+00 1.437504075783561893e+04 3.333252330021389298e+03
1.237486341914336485e+00 8.730585361042252771e+03 1.526374891169538387e+03
7.196625708230856011e-01 5.240558794888607736e+03 5.501264254984948820e+02
1.457895795282107443e+00 1.325578298531258042e+04 2.696200354264770340e+03
1.578802736674626672e+00 8.908995652586181677e+03 1.949409461400477312e+03
1.392474890293986078e+00 1.047769241121700907e+04 2.042979218507680571e+03
1.148980543281063582e+00 8.971843483356526121e+03 1.463998489418899226e+03
8.848541119971632396e-01 4.392445028468521741e+03 5.609843333048958129e+02
1.775393078122101453e+00 1.370192183754346297e+04 3.336843134458138593e+03
1.562103591013899839e+00 1.412712844107852652e+04 3.061272326925851758e+03
8.855030334582767448e-01 6.213591898425897853e+03 7.941230116113254098e+02
1.033405041356893150e+00 8.143363427450781273e+03 1.203507245212492080e+03
1.811316334647917303e+00 2.638106312111302395e+04 6.542622425529941211e+03
1.619360060246176625e+00 1.201485559892947458e+04 2.690690817042385333e+03
1.781958441970914908e+00 1.196824689599811791e+04 2.924435830627062387e+03
1.507626851680751168e+00 1.013684653583366526e+04 2.126300084298262391e+03
1.897377119386146616e+00 1.650207618788644686e+04 4.268609291953684078e+03
1.544899641820640213e+00 1.293621543117955116e+04 2.774924132291292608e+03
1.599491210714520939e+00 1.146946829092623921e+04 2.539735607413659636e+03
1.039789898526667145e+00 8.027235160427148003e+03 1.193209510306455513e+03
1.249283587787034078e+00 7.246791638343211162e+03 1.278159760841988600e+03
1.204910910418159453e+00 8.610617525357280101e+03 1.468576734715428756e+03
7.381051338234521086e-01 4.157410540810479688e+03 4.470729752456874166e+02
1.568348359608825016e+00 1.114105426090499532e+04 2.423038743927839278e+03
1.800213015210715195e+00 1.129418989840884387e+04 2.785408994563043962e+03
1.246638478822829743e+00 7.913089603599778457e+03 1.392938487169260270e+03
5.369592767415629631e-01 3.635494171332947644e+03 2.881991702632449233e+02
5.861774640435413186e-01 3.785601031160007551e+03 3.265321574667086111e+02
4.402947029963194536e-01 2.604863986998576365e+03 1.704322264364480475e+02
1.189062508957277498e+00 7.614355544590914178e+03 1.282777072888773318e+03
1.684819076307594088e+00 1.391339239726608139e+04 3.230607948261626007e+03
9.836025302753572674e-01 7.317693300955139421e+03 1.032512785134687192e+03
9.717983459410154401e-01 5.083802993711471572e+03 7.092233418536496856e+02
1.097730182957473044e+00 5.306351681528249173e+03 8.297964930599721356e+02
2.823281260273929338e-01 1.479567373204411524e+03 6.275416345901723503e+01
7.560818344773175825e-01 3.905008372687445444e+03 4.296592108726023866e+02
1.474567161855456332e+00 1.309907963521778947e+04 2.692305060047116967e+03
1.247160293301228906e+00 9.925234142272467579e+03 1.747813718094206024e+03
1.477822582987247113e+00 1.108759794525650977e+04 2.283497339147490493e+03
1.795402112674257422e+00 1.194510504690717789e+04 2.938786043027123924e+03
1.974342668056823458e+00 1.794477643898224051e+04 4.811941778589358364e+03
1.012535248973160495e+00 4.997531327661032265e+03 7.245937053522275164e+02
8.929594713555937258e-01 6.329712705084020854e+03 8.153935395908044939e+02
1.357559195700412724e+00 1.017910635789170556e+04 1.938824168274706608e+03
1.115600757117768183e+00 7.492562529712782634e+03 1.189467121834003365e+03
1.343473738452003019e+00 1.153372708972905821e+04 2.175792075687408669e+03
1.877073102797790272e+00 1.580569359778790022e+04 4.048798997707732724e+03
8.199409823092609351e-01 4.768411742831227457e+03 5.666476840663877965e+02
5.514289281375698293e-01 3.571000753849992179e+03 2.904336646221483988e+02
1.202246957480620715e+00 1.193832669034826358e+04 2.031948472274574669e+03
1.739851907174029932e+00 1.370273529300841255e+04 3.276220838301089771e+03
1.161078943708912847e+00 9.669073587927287008e+03 1.593236188590039546e+03
1.691988891308783494e+00 1.219479053424808990e+04 2.842540434332234781e+03
1.396386724367094212e+00 1.215617832537539289e+04 2.376390984370005299e+03
5.220934218853832132e-01 2.864154257599472658e+03 2.209864254844524396e+02
1.100652978067510945e+00 5.736305136390450571e+03 8.992618473424167860e+02
1.883979903858796323e+00 1.851867911362256200e+04 4.759580716592045064e+03
1.647480063639130909e+00 1.596222428241031776e+04 3.631334106660447105e+03
4.768650463107429460e-01 2.537058947167731276e+03 1.793375474521371871e+02
1.982558795349607994e+00 1.361407228271208623e+04 3.664389484909207567e+03
1.310440478091482230e+00 8.941359770045941332e+03 1.648394895835241869e+03
1.407978849682140599e+00 1.046721066219805834e+04 2.061858331555696623e+03
1.322900252735845328e+00 9.439411874455568977e+03 1.755503507985531769e+03
9.423218301719642476e-01 4.964816554221532897e+03 6.728439560323269006e+02
1.351384570753581871e+00 9.651943598254891185e+03 1.830696612575326981e+03
1.327456945901918095e+00 1.001421152971728770e+04 1.868329434341330625e+03
1.149565333499365405e+00 8.267244952708701021e+03 1.349663787659521176e+03
7.442618684117559003e-01 4.823971432910507247e+03 5.228715371012949618e+02
5.529732095785133694e-01 3.589773870259033174e+03 2.927479336163332277e+02
5.722509251179197509e-01 4.310391789595864793e+03 3.633017579692207732e+02
1.072011112626754858e+00 8.187795537034578047e+03 1.252336316239426424e+03
1.719247708625471383e+00 1.864778850811953453e+04 4.410452341921586594e+03
1.232103292897931857e+00 1.012608495304575990e+04 1.763205214909473170e+03
1.585516701648610249e+00 1.652341518925829951e+04 3.629610603960143180e+03
1.383428617655113158e+00 1.064311350599979960e+04 2.062805501812610601e+03
1.977764270977273808e+00 1.043399422316734854e+04 2.802290160633725463e+03
1.578455731448656474e+00 1.348427184621879678e+04 2.949948827148342843e+03
1.074709421591915737e+00 7.728754340603548371e+03 1.184907088948678620e+03
5.798353998759102623e-01 3.242224991357234103e+03 2.767533818401324766e+02
1.725406291512864509e+00 1.349889568550621880e+04 3.203082206515222424e+03
5.331712771645289450e-01 3.441456443714180750e+03 2.709612507117667519e+02
2.893559274891394639e-01 1.520309637383730660e+03 6.605491145295805211e+01
1.143597703419795497e+00 7.227408019734057234e+03 1.174198467836032705e+03
1.826635082180473768e+00 1.652039217895150068e+04 4.128582901480266628e+03
1.153234242225852135e+00 9.645867625192904597e+03 1.579410608196599924e+03
8.461767782679024963e-01 6.025918795875591059e+03 7.377639496273848181e+02
1.724552964899140894e+00 1.017143938713680836e+04 2.412440705865403288e+03
1.385278236484579262e+00 7.909830388704433062e+03 1.534940713303377379e+03
1.772378765943573686e+00 2.770648192764326814e+04 6.736971848282450992e+03
4.001069159165285827e-01 2.138336910946203261e+03 1.274874799039126003e+02
9.194442564403865203e-01 6.719097842789756214e+03 8.897490189629824044e+02
1.535620535439848000e+00 1.010848442132907257e+04 2.156417863190652497e+03
1.327529683364282231e+00 1.027402951394649608e+04 1.916900148389616106e+03
1.979195764379497069e+00 1.765533531774166113e+04 4.744852213303383905e+03
5.824790523458271974e-01 3.736251494878880749e+03 3.203208008935158091e+02
1.186139754799974577e+00 9.422486843307344316e+03 1.583761458536501550e+03
1.665517628413994533e+00 1.552294693003207794e+04 3.566663326185228925e+03
7.354068920730801873e-01 3.900246759318466502e+03 4.179581913101069972e+02
4.182644705964541632e-01 2.260328658329036443e+03 1.407013667592696322e+02
1.677101308299428606e+00 9.775402779984973677e+03 2.260309343868991618e+03
1.981792551822863402e+00 1.225946921598181143e+04 3.298628513867810852e+03
7.698187987642414187e-01 4.588754508492868808e+03 5.136091322369225054e+02
6.807736950904569317e-01 4.733359909620697181e+03 4.712244128935495269e+02
5.748800322194871359e-01 3.395781180832282644e+03 2.874783595987168496e+02
1.237598500624394804e+00 1.021957376461519016e+04 1.786846089266147146e+03
1.049164071513733809e+00 7.682036298245146099e+03 1.151534331614334178e+03
1.995746756764277485e+00 1.978132738245985456e+04 5.356396508301891117e+03
8.020899696705937609e-01 4.223931131222908334e+03 4.915765685532383600e+02
1.567427175009737494e+00 1.062358486511567207e+04 2.309253577623047022e+03
1.711985198374476491e+00 1.505980617246286602e+04 3.548140425347226937e+03
1.726317578383822493e+00 1.304378882321739729e+04 3.096580594595926414e+03
1.244770071163177727e+00 1.022039314331877358e+04 1.796591800930432555e+03
9.795795185181332965e-01 6.383680286876595346e+03 8.972639586564642968e+02
1.925195123348176995e+00 1.043560973203677713e+04 2.735216773272935825e+03
8.418713364545863387e-01 5.333673317920575755e+03 6.498658369618425468e+02
1.036157854489909713e+00 6.765391491678779857e+03 1.002351857484460197e+03
1.856759972571199180e+00 1.795951557565059193e+04 4.555351792286538512e+03
1.880565923351184887e+00 1.325551903107377802e+04 3.401271968955339162e+03
1.503286636940729393e+00 1.022718220927918082e+04 2.139582836780394700e+03
8.512435817731938137e-01 6.247044509407604892e+03 7.691696676973352851e+02
7.699331616310217674e-01 5.658294913456429640e+03 6.334098505869420705e+02
1.480259839553503376e+00 1.205060795808992771e+04 2.485588101531739994e+03
1.335390839326764389e+00 9.269462569368008189e+03 1.738929635305033571e+03
1.332601992855928064e+00 6.736470076682111539e+03 1.261308079771245502e+03
1.428120592572554637e+00 6.972626536481096991e+03 1.391561647530760638e+03
9.323743520346746694e-01 5.257741850179468202e+03 7.054567445488619342e+02
1.605965149884059695e+00 1.438779524834111362e+04 3.197739516915409240e+03
1.281955861640255545e+00 9.312788617867692665e+03 1.682313334741102835e+03
1.747551816423898119e+00 1.882664221924671438e+04 4.519432582854340581e+03
9.574418757665735802e-01 5.554304847614877872e+03 7.640931261816868982e+02
1.300881348575190444e+00 1.318679060034318718e+04 2.414661051310575658e+03
1.139445248361538932e+00 7.554652416214223194e+03 1.223210650771569362e+03
1.472024738693262780e+00 1.120408232684328505e+04 2.299171838404653954e+03
1.197418615117325391e+00 1.195499740032290538e+04 2.027190830977745463e+03
7.085876866347331493e-01 4.103588822307327973e+03 4.244492420344982975e+02
1.564040199037426637e+00 1.773088711972800957e+04 3.846547470503126078e+03
1.068672580256845528e+00 6.974890705768701991e+03 1.063713383807512855e+03
1.774736663315537255e+00 2.554659640982066412e+04 6.219297654634277023e+03
6.104037944668039284e-01 3.940945091520628466e+03 3.534127156938702683e+02
1.549078605767281402e+00 1.378771238476660255e+04 2.964904075870682391e+03
1.016854383827177966e+00 8.198865694800550045e+03 1.193511076246539915e+03
1.131596032992155498e+00 5.737594278443494659e+03 9.230352567453536494e+02
1.753917896516384189e+00 1.405706148165293052e+04 3.385652084561551874e+03
1.785674647454002617e+00 1.302656605389919059e+04 3.189068549163537682e+03
7.345708438519668038e-01 5.149911914261712809e+03 5.512772069563259265e+02
1.416514510139688987e+00 1.488988263697864932e+04 2.949414774701547231e+03
3.219237741829911736e-01 1.869393098909244827e+03 9.015928659456315586e+01
8.077044077165956848e-01 7.022727019287665826e+03 8.227233002328435987e+02
9.403459467256395365e-01 6.673442776365037389e+03 9.026156678306322192e+02
9.101761900712287412e-01 6.449119970106175970e+03 8.458799616717701610e+02
7.507358609679068984e-01 3.612409041568826069e+03 3.947908883096437762e+02
1.254350837248335182e+00 1.084316396491499472e+04 1.919663679681521444e+03
8.102541174438414595e-01 4.981009643732414588e+03 5.852797933972651663e+02
1.055575800867173841e+00 7.804659217149016513e+03 1.176606233182906408e+03
7.173161658969587906e-01 4.921868200818818877e+03 5.150657971024534163e+02
1.129893050985308678e+00 6.860247928928052715e+03 1.102093485799441851e+03
1.466299717026221083e+00 7.153379475644574995e+03 1.462688271619078250e+03
8.363826488862148301e-01 4.887844280563895154e+03 5.918684369876684741e+02
5.038463752158837128e-01 2.758135751064732631e+03 2.056211481889382355e+02
1.590955121054686394e+00 1.083341544587751741e+04 2.387182958603471889e+03
1.352911157032274936e+00 7.226296789946415629e+03 1.372050063834406956e+03
1.313294049623033422e+00 1.011459645583922247e+04 1.868442284609303442e+03
9.106319425922395627e-01 5.624744692998100618e+03 7.381015534243139200e+02
1.883348131102194234e+00 1.529309623689802720e+04 3.929362282924670126e+03
9.209423283510649316e-01 5.024788875446482052e+03 6.664088661057062382e+02
9.797280216918404783e-01 5.848067860824640775e+03 8.220975451867628863e+02
5.140914577698431076e-01 2.944431501427483454e+03 2.238186984165846525e+02
1.559433992803937574e+00 1.197671930568180505e+04 2.591229597601938167e+03
1.693836069666846855e+00 9.457947556685554446e+03 2.206790439038231398e+03
1.457261451723277368e+00 1.268463845527352896e+04 2.578998957326152777e+03
1.815938746806790016e+00 1.822949263155854715e+04 4.531472805154747221e+03
1.067790329469454402e+00 8.287737300265049271e+03 1.262954592656202294e+03
8.087684997812393251e-01 4.913977652672788281e+03 5.763993341300069915e+02
1.354785507607092487e+00 1.151319078550034828e+04 2.188793471823522850e+03
9.793071990692711060e-01 7.825558147193995865e+03 1.099641114239632316e+03
1.163503047979122629e+00 7.601124280258834006e+03 1.254920882592614134e+03
1.103063016496493631e+00 8.260480816059620338e+03 1.297615899775512844e+03
1.047162968523272841e+00 7.295435071221795624e+03 1.091630090545479561e+03
1.425034786105858098e+00 9.416513424808084892e+03 1.875563465126812162e+03
1.370266988821731369e+00 1.024540491421752631e+04 1.968297970157696682e+03
1.571870646704267793e+00 1.232882130540085200e+04 2.686873692710494652e+03
1.156404200406085492e+00 7.510271244369063425e+03 1.232876477189288835e+03
1.235504909791462103e+00 8.080822556011803499e+03 1.410677682119250221e+03
9.996274980100710028e-01 7.658133649778847030e+03 1.097069622517293510e+03
1.346181948332385581e+00 1.098981048123236360e+04 2.077042588494768552e+03
1.884435535372548376e+00 1.909460943032340583e+04 4.908679385682270549e+03
1.900351240159416033e+00 2.013569708963594167e+04 5.215919307080616818e+03
1.829024923098238942e+00 1.008002113470223776e+04 2.522072564522210996e+03
1.117073418694625841e+00 9.033705875737741735e+03 1.435894557820793125e+03
1.981998258630281340e+00 1.991373397191809636e+04 5.358647756223233046e+03
6.468365051430636781e-01 3.705421966988349595e+03 3.512800369854418818e+02
1.017733823497247281e+00 6.916433287497039601e+03 1.007643529768533426e+03
1.464912248689535623e+00 1.606576532356720236e+04 3.282193656213818485e+03
1.324225703114951802e+00 1.197320425925215932e+04 2.228789578007578712e+03
8.160996947522226597e-01 5.059919724939106345e+03 5.986181539404900604e+02
1.949247104100303885e+00 1.389081900980403952e+04 3.681996499050130751e+03
1.222487977910032830e+00 8.754547838826991210e+03 1.513342220557528208e+03
1.499924984017349416e+00 1.362758801631563256e+04 2.845116706516456361e+03
1.624346201245358889e+00 1.223892109184462788e+04 2.748578168558478865e+03
1.628685234597500031e+00 1.232916163228844744e+04 2.775598950588067510e+03
9.171901554691939129e-01 5.966968176748234328e+03 7.883252183175575283e+02
1.576245987047449226e+00 1.782012891052358827e+04 3.893508844196601785e+03
1.877872693589513586e+00 1.097894927233468479e+04 2.813462472577939934e+03
1.648637781927479784e+00 1.111898855362407630e+04 2.531142160976727610e+03
1.177194679290890944e+00 6.743905686425105159e+03 1.125584314471143671e+03
8.329734916773280373e-01 4.760022676897258862e+03 5.741654041835711269e+02
9.335967852453174176e-01 6.958197614541641997e+03 9.347680151090803520e+02
1.867306841791734007e+00 8.319435143298946059e+03 2.121056607603543398e+03
9.358654352717986624e-01 6.572211186919482316e+03 8.849348407077627598e+02
4.247522935388206577e-01 2.033705425360509707e+03 1.285011793936312756e+02
1.535030273372039122e+00 1.003415740205060138e+04 2.139807911672274258e+03
1.408158404329412194e+00 1.275989228659359287e+04 2.513771872528351196e+03
6.551485987740939265e-01 4.307616436660766340e+03 4.133910134950473889e+02
1.670627105891161257e+00 2.440228401053801645e+04 5.622530435989294347e+03
1.096540353537573065e+00 5.444638404700505816e+03 8.505596096700168118e+02
8.925567246558872014e-01 6.213019973988562924e+03 8.000204324176422688e+02
1.118094109782315160e+00 8.241998676246017567e+03 1.311170565483105293e+03
4.647056721161906268e-01 2.561386697025990543e+03 1.765858965143527257e+02
6.033756061749527833e-01 3.263338393488214024e+03 2.894119427098892174e+02
1.712692311340884954e+00 1.735447175907261408e+04 4.090309496598342321e+03
1.476020843198256216e+00 6.859074283743035267e+03 1.411048699811222150e+03
9.169914914155430363e-01 7.442152609330518317e+03 9.830182550056697437e+02
7.443998329493258792e-01 5.080144636785667899e+03 5.507353837479606682e+02
1.253362727009671440e+00 8.664175670241458647e+03 1.532777502999243779e+03
1.016254951659383288e+00 6.811999912816271717e+03 9.910764897055772735e+02
1.225060392233997764e+00 6.555685667522190670e+03 1.135452440085746957e+03
8.456383048297620997e-01 5.237004011331293441e+03 6.407895540606029954e+02
1.307517524054610414e+00 9.651950109734098078e+03 1.775726190152913205e+03
1.045155443832262998e+00 7.709998813899504967e+03 1.151591144358302245e+03
1.272464406901922640e+00 1.217622912992641795e+04 2.184496506457058331e+03
8.817346344890271137e-01 6.256082316229696517e+03 7.963395876287869442e+02
1.894728939790912170e+00 2.092333326523191863e+04 5.405414614631539735e+03
1.024723566811337694e+00 6.845443797724596152e+03 1.003721095237419149e+03
1.446759654113012328e+00 1.018959293907497886e+04 2.057986511263844477e+03
1.192656628233562444e+00 7.014073561245340898e+03 1.184968785558201034e+03
1.469450037251114560e+00 1.167999338340113536e+04 2.392981663362229938e+03
1.771910894578667239e+00 1.103593394458757575e+04 2.682799332922468693e+03
1.395906654770981969e+00 1.112117404431795876e+04 2.173371114600761757e+03
6.909750797950342527e-01 4.203418818530767567e+03 4.244547210279507112e+02
1.663326224429937605e+00 8.304161327475398139e+03 1.905733225633057828e+03
8.214386036672877145e-01 5.786522749671971724e+03 6.888237926786331400e+02
6.236659259728162263e-01 4.081892934175853043e+03 3.736780954761048861e+02
1.145622513651907370e+00 8.036073803681242680e+03 1.307731737790686338e+03
1.553763432071204154e+00 1.009926158081283756e+04 2.177755157457887435e+03
1.812667031501836501e+00 1.655329588277217772e+04 4.108072087284324880e+03
1.837745010189898665e+00 1.040383152922295449e+04 2.614353773188559899e+03
1.479271114859118663e+00 1.062268157126825463e+04 2.189716609167883234e+03
3.543661199465755751e-01 1.885087566823234965e+03 9.985398010973935357e+01
8.201548988878265556e-01 5.841227727418987342e+03 6.943059408078427168e+02
6.570736561391031794e-01 4.618057117450683108e+03 4.444293034868024392e+02
7.548051283980508064e-01 5.489219529325101576e+03 6.029961358944379981e+02
1.429617950704679563e+00 8.959271892903572734e+03 1.789771133723495723e+03
5.386884271922639522e-01 3.268152895852300389e+03 2.598828587826727130e+02
9.828027704749257021e-01 6.876611523267089069e+03 9.695358753499589284e+02
5.912778915471436081e-01 3.816212156400712047e+03 3.319243191086897014e+02
1.728975583754191137e+00 1.585010557396950935e+04 3.768071218139446501e+03
1.312800602148765261e+00 1.084739811353668119e+04 2.003114677480275304e+03
1.166885758790111804e+00 7.534371126517363336e+03 1.247266020662925030e+03
4.691341364991167828e-01 2.592208382657609036e+03 1.803596875769395638e+02
7.720267462659519131e-01 5.048841526181016889e+03 5.666460484116579437e+02
1.471090190451454838e+00 1.267103191281542968e+04 2.598685874618114667e+03
1.598823852063809392e+00 1.473600597415830089e+04 3.261814927047901165e+03
1.529561364924557632e+00 1.324996515847838600e+04 2.816359694063490224e+03
